[200, -8.96, -2.48, 9.61, 5.00]
[[-10000, 5.05, 11.33, -8.59, -8.59, 11.33, 5.05, -10000],
[0.85, 10000, 8.98, -5.03, -5.03, 8.98, 10000, 0.85],
[1.12, -4.24, 1.33, -12.53, -12.53, 1.33, -4.24, 1.12],
[9.25, -0.45, -1.83, 2.58, 2.58, -1.83, -0.45, 9.25],
[9.25, -0.45, -1.83, 2.58, 2.58, -1.83, -0.45, 9.25],
[1.12, -4.24, 1.33, -12.53, -12.53, 1.33, -4.24, 1.12],
[0.85, 10000, 8.98, -5.03, -5.03, 8.98, 10000, 0.85],
[-10000, 5.05, 11.33, -8.59, -8.59, 11.33, 5.05, -10000]]

[200, 0.02, -9.07, -16.30, 5.00]
[[-10000, 6.61, 15.83, -8.59, -8.59, 15.83, 6.61, -10000],
[2.45, 10000, -7.16, -10.70, -10.70, -7.16, 10000, 2.45],
[5.96, -2.29, -18.40, 0.66, 0.66, -18.40, -2.29, 5.96],
[0.23, -13.47, -2.12, -8.74, -8.74, -2.12, -13.47, 0.23],
[0.23, -13.47, -2.12, -8.74, -8.74, -2.12, -13.47, 0.23],
[5.96, -2.29, -18.40, 0.66, 0.66, -18.40, -2.29, 5.96],
[2.45, 10000, -7.16, -10.70, -10.70, -7.16, 10000, 2.45],
[-10000, 6.61, 15.83, -8.59, -8.59, 15.83, 6.61, -10000]]

[2.15, 2.40, -11.91, 3.71, 5.00]
[[-9.43, 6.61, 15.83, -8.59, -8.59, 15.83, 6.61, -9.43],
[2.45, 2.66, -7.16, -10.70, -10.70, -7.16, 2.66, 2.45],
[5.96, -2.29, -18.40, 0.66, 0.66, -18.40, -2.29, 5.96],
[0.23, -13.47, -2.12, -8.74, -8.74, -2.12, -13.47, 0.23],
[0.23, -13.47, -2.12, -8.74, -8.74, -2.12, -13.47, 0.23],
[5.96, -2.29, -18.40, 0.66, 0.66, -18.40, -2.29, 5.96],
[2.45, 2.66, -7.16, -10.70, -10.70, -7.16, 2.66, 2.45],
[-9.43, 6.61, 15.83, -8.59, -8.59, 15.83, 6.61, -9.43]]

[0.23, -9.09, -4.26, 13.23, 5.00]
[[4.22, -11.06, 2.47, 7.32, 7.32, 2.47, -11.06, 4.22],
[7.55, -3.96, -14.89, -4.04, -4.04, -14.89, -3.96, 7.55],
[-11.32, 11.10, 2.42, -7.58, -7.58, 2.42, 11.10, -11.32],
[-4.65, -22.82, 7.12, 22.43, 22.43, 7.12, -22.82, -4.65],
[-4.65, -22.82, 7.12, 22.43, 22.43, 7.12, -22.82, -4.65],
[-11.32, 11.10, 2.42, -7.58, -7.58, 2.42, 11.10, -11.32],
[7.55, -3.96, -14.89, -4.04, -4.04, -14.89, -3.96, 7.55],
[4.22, -11.06, 2.47, 7.32, 7.32, 2.47, -11.06, 4.22]]

[7.04375451e-05 4.62078427e-01 4.65793527e-01]
[[500,-25,10,5,5,10,-25,500],
[-25,-45,1,1,1,1,-45,-25],
[10,1,3,2,2,3,1,10],
[5,1,2,1,1,2,1,5],
[5,1,2,1,1,2,1,5],
[10,1,3,2,2,3,1,10],
[-25,-45,1,1,1,1,-45,-25],
[500,-25,10,5,5,10,-25,500]]