remain 10 species
3 -4 [0.02176656 0.48131546 0.59709957]
6 -4 [0.66257375 0.72772694 0.74939485]
5 -2 [0.03470348 0.24311463 0.52075049]
1 0 [0.37806956 0.70401916 0.72726233]
2 0 [0.04157368 0.06474039 0.58477232]
9 0 [0.23574137 0.24562078 0.24603989]
10 0 [0.47625326 0.56615851 0.73659618]
7 2 [0.0117477  0.0184252  0.11005701]
4 4 [0.56560855 0.56586267 0.64379529]
8 4 [0.01846079 0.04296221 0.60645593]
generate 25 children
11 -2.0 [0.19991806 0.59266731 0.66218095]
12 -2.0 [0.35207371 0.39623366 0.66708359]
13 0.0 [0.20982162 0.38437977 0.65601733]
14 3.0 [0.28867812 0.29214394 0.37692615]
15 2.0 [0.47183906 0.63494091 0.68552881]
16 -4 [0.01685602 0.40305594 0.41825878]
17 -4 [0.01770147 0.51610681 0.7317338 ]
18 -4 [0.60437956 0.65868681 0.73738177]
19 -4 [0.58882654 0.65734476 0.66068828]
20 -2 [0.03501945 0.30115901 0.36458592]
21 -2 [0.02684552 0.21632292 0.61588641]
22 0 [0.38020431 0.61201387 0.61232995]
23 0 [0.37566247 0.66797263 0.85811023]
24 0 [0.00548768 0.03910263 0.6965314 ]
25 0 [0.03301694 0.12263628 0.70888269]
26 0 [0.22587844 0.2683666  0.44561463]
27 0 [0.10680923 0.24352998 0.28304488]
28 0 [0.47681812 0.60009565 0.64917573]
29 0 [0.46746028 0.51792738 0.8310524 ]
30 2 [0.00287245 0.00895695 0.06461393]
31 2 [0.01223779 0.09940082 0.25508049]
32 4 [0.45804109 0.47700561 0.56918924]
33 4 [0.57018425 0.62941262 0.79046145]
34 4 [0.02674409 0.05518246 0.83713426]
35 4 [0.         0.02559183 0.36875188]
remain 20 species
18 -4 [0.60437956 0.65868681 0.73738177]
23 -4 [0.37566247 0.66797263 0.85811023]
15 -2.0 [0.47183906 0.63494091 0.68552881]
20 -2 [0.03501945 0.30115901 0.36458592]
21 -2 [0.02684552 0.21632292 0.61588641]
22 0 [0.38020431 0.61201387 0.61232995]
29 0 [0.46746028 0.51792738 0.8310524 ]
31 0 [0.01223779 0.09940082 0.25508049]
32 0 [0.45804109 0.47700561 0.56918924]
13 2.0 [0.20982162 0.38437977 0.65601733]
28 2 [0.47681812 0.60009565 0.64917573]
35 2 [0.         0.02559183 0.36875188]
11 4.0 [0.19991806 0.59266731 0.66218095]
24 4 [0.00548768 0.03910263 0.6965314 ]
27 4 [0.10680923 0.24352998 0.28304488]
34 4 [0.02674409 0.05518246 0.83713426]
30 6 [0.00287245 0.00895695 0.06461393]
14 7.0 [0.28867812 0.29214394 0.37692615]
26 10 [0.22587844 0.2683666  0.44561463]
33 10 [0.57018425 0.62941262 0.79046145]
generate 50 children
36 0.0 [0.47432859 0.61751828 0.66735227]
37 5.5 [0.15771111 0.1736632  0.6070302 ]
38 -1.0 [0.01954165 0.15786187 0.43548345]
39 3.0 [0.15831543 0.31395488 0.4695311 ]
40 2.0 [0.28713476 0.38072868 0.55704864]
41 -2.0 [0.41685178 0.57248912 0.71364974]
42 3.0 [0.20486984 0.48852354 0.65909914]
43 -1.0 [0.42602168 0.62347739 0.64892938]
44 3.0 [0.00274384 0.03234723 0.53264164]
45 5.0 [0.10139525 0.30081213 0.36339744]
46 -4 [0.60921307 0.62701056 0.68699561]
47 -4 [0.61140781 0.62238948 0.8767851 ]
48 -4 [0.37872991 0.59823424 0.75825716]
49 -4 [0.38243101 0.57412492 0.69522285]
50 -2.0 [0.47143645 0.56323909 0.63963084]
51 -2.0 [0.4670548  0.47198122 0.55544678]
52 -2 [0.03620844 0.20709312 0.60422084]
53 -2 [0.04467431 0.20678943 0.24267064]
54 -2 [0.0335803  0.31577458 0.60372593]
55 -2 [0.03482034 0.25185658 0.83416374]
56 0 [0.37353654 0.52579573 0.54338649]
57 0 [0.38975007 0.54234051 0.5486852 ]
58 0 [0.45945717 0.59459315 0.68355357]
59 0 [0.4680438  0.59777438 0.74943485]
60 0 [0.00892709 0.08195663 0.26363248]
61 0 [0.01025642 0.01669615 0.07162206]
62 0 [0.42537909 0.45496235 0.62891982]
63 0 [0.46577262 0.52359712 0.58224118]
64 2.0 [0.20794189 0.28478095 0.72259646]
65 2.0 [0.21433157 0.35305959 0.84411803]
66 2 [0.44171299 0.47554785 0.54784038]
67 2 [0.46686052 0.55079358 0.79636246]
68 2 [0.00852339 0.07588144 0.16126664]
69 2 [0.         0.1163148  0.13595205]
70 4.0 [0.18993027 0.43768047 0.61373056]
71 4.0 [0.20723671 0.58471755 0.63827291]
72 4 [0.00654203 0.08115782 0.54919682]
73 4 [0.00734494 0.0477012  0.7312749 ]
74 4 [0.10940186 0.22454369 0.45581967]
75 4 [0.04787054 0.11380471 0.16569979]
76 4 [0.         0.02419215 1.        ]
77 4 [0.03319893 0.14152754 1.        ]
78 6 [0.         0.00346217 0.12721712]
79 6 [0.         0.00449323 0.18056222]
80 7.0 [0.28990785 0.29237007 0.38075556]
81 7.0 [0.22167384 0.28419435 0.35437958]
82 10 [0.21782711 0.29050335 0.34407088]
83 10 [0.21799201 0.25098293 0.35436302]
84 10 [0.57428642 0.7151501  0.80588235]
85 10 [0.54075994 0.560085   0.57728307]
remain 20 species
58 4 [0.45945717 0.59459315 0.68355357]
59 4 [0.4680438  0.59777438 0.74943485]
67 4 [0.46686052 0.55079358 0.79636246]
72 4 [0.00654203 0.08115782 0.54919682]
75 4 [0.04787054 0.11380471 0.16569979]
82 4 [0.21782711 0.29050335 0.34407088]
85 4 [0.54075994 0.560085   0.57728307]
80 5.0 [0.28990785 0.29237007 0.38075556]
64 6.0 [0.20794189 0.28478095 0.72259646]
71 6.0 [0.20723671 0.58471755 0.63827291]
83 6 [0.21799201 0.25098293 0.35436302]
43 7.0 [0.42602168 0.62347739 0.64892938]
40 8.0 [0.28713476 0.38072868 0.55704864]
78 8 [0.         0.00346217 0.12721712]
69 10 [0.         0.1163148  0.13595205]
70 10.0 [0.18993027 0.43768047 0.61373056]
76 12 [0.         0.02419215 1.        ]
79 12 [0.         0.00449323 0.18056222]
45 13.0 [0.10139525 0.30081213 0.36339744]
84 14 [0.57428642 0.7151501  0.80588235]
generate 50 children
86 6.0 [0.23343026 0.27712788 0.46178979]
87 6.0 [0.21261436 0.41785024 0.49631797]
88 11.5 [0.05069763 0.20856347 0.24967475]
89 4.5 [0.14822494 0.18676395 0.46497619]
90 5.0 [0.12755363 0.34926113 0.40198635]
91 7.0 [0.10397094 0.14412156 0.42490679]
92 5.0 [0.33799284 0.44127766 0.73601566]
93 7.0 [0.10397094 0.14412156 0.42490679]
94 4.0 [0.45945717 0.59459315 0.68355357]
95 10.0 [0.09496514 0.27699764 0.3748413 ]
96 4 [0.46330935 0.48439726 0.62368187]
97 4 [0.45035086 0.53417956 0.73432435]
98 4 [0.46067204 0.55847408 0.5803696 ]
99 4 [0.46064375 0.6347884  0.92433233]
100 4 [0.46787262 0.5518047  0.89107506]
101 4 [0.4648675  0.60807327 0.9115823 ]
102 4 [0.01289483 0.06920201 0.74503953]
103 4 [0.015702   0.08562475 0.51843258]
104 4 [0.04323699 0.13541815 0.40509734]
105 4 [0.04159915 0.06248565 0.18053796]
106 4 [0.1716644  0.20574911 0.21858356]
107 4 [0.20821319 0.22485292 0.32642029]
108 4 [0.53942668 0.62037601 0.71842104]
109 4 [0.53608932 0.56101675 0.62554489]
110 5.0 [0.28014667 0.39108608 0.4465567 ]
111 5.0 [0.2298843  0.29417465 0.29588967]
112 6.0 [0.20526748 0.34950936 0.47958766]
113 6.0 [0.19053321 0.20841376 0.76331064]
114 6.0 [0.2135469  0.49005461 0.56668908]
115 6.0 [0.1978343  0.48190713 0.56471897]
116 6 [0.17183294 0.22196736 0.27839505]
117 6 [0.22483779 0.2865233  0.55304704]
118 7.0 [0.41958587 0.70527166 0.71667347]
119 7.0 [0.42528267 0.62425199 0.75708588]
120 8.0 [0.28744584 0.33732751 0.4030965 ]
121 8.0 [0.29292416 0.43721433 0.59291794]
122 8 [0.0068306  0.05684497 0.23840549]
123 8 [0.         0.06155303 0.28871828]
124 10 [0.00478557 0.11742061 0.31271607]
125 10 [0.         0.         0.09533186]
126 10.0 [0.18474728 0.37635454 0.78412951]
127 10.0 [0.19276853 0.51745148 0.53404022]
128 12 [0.         0.10790609 1.        ]
129 12 [0.         0.00622762 1.        ]
130 12 [0.         0.         0.08061681]
131 12 [0.         0.06350293 0.11523983]
132 13.0 [0.09772954 0.1461009  0.30563522]
133 13.0 [0.10119418 0.2972466  0.32574925]
134 14 [0.57959211 0.75837242 1.        ]
135 14 [0.56545189 0.5803606  0.74396054]
remain 20 species
119 9.0 [0.42528267 0.62425199 0.75708588]
87 10.0 [0.21261436 0.41785024 0.49631797]
94 10.0 [0.45945717 0.59459315 0.68355357]
120 10.0 [0.28744584 0.33732751 0.4030965 ]
124 10 [0.00478557 0.11742061 0.31271607]
130 10 [0.         0.         0.08061681]
88 11.5 [0.05069763 0.20856347 0.24967475]
112 12.0 [0.20526748 0.34950936 0.47958766]
116 12 [0.17183294 0.22196736 0.27839505]
117 12 [0.22483779 0.2865233  0.55304704]
121 12.0 [0.29292416 0.43721433 0.59291794]
127 12.0 [0.19276853 0.51745148 0.53404022]
131 12 [0.         0.06350293 0.11523983]
129 14 [0.         0.00622762 1.        ]
93 15.0 [0.10397094 0.14412156 0.42490679]
133 15.0 [0.10119418 0.2972466  0.32574925]
135 16 [0.56545189 0.5803606  0.74396054]
132 17.0 [0.09772954 0.1461009  0.30563522]
128 18 [0.         0.10790609 1.        ]
134 20 [0.57959211 0.75837242 1.        ]
generate 50 children
136 12.0 [0.         0.00311381 0.54030841]
137 12.0 [0.25888097 0.36186882 0.57298249]
138 14.0 [0.37911021 0.54890604 0.63900038]
139 16.5 [0.33159072 0.36323075 0.52479788]
140 11.75 [0.12173308 0.36300747 0.39185748]
141 11.0 [0.14885486 0.27731747 0.45281701]
142 11.0 [0.09638427 0.25872574 0.30732851]
143 12.0 [0.19901801 0.43348042 0.50681394]
144 10.0 [0.14372292 0.16866375 0.24185666]
145 17.5 [0.34039314 0.52780951 0.66287463]
146 9.0 [0.42708317 0.56064204 0.72804353]
147 9.0 [0.42993003 0.60919499 0.77848373]
148 10.0 [0.21742241 0.33459563 0.44829768]
149 10.0 [0.21463201 0.34344819 0.51083885]
150 10.0 [0.43978357 0.45718004 0.63136228]
151 10.0 [0.46329233 0.60750897 0.90169356]
152 10.0 [0.29102192 0.35757089 0.39327923]
153 10.0 [0.1566096  0.28899817 0.29713973]
154 10 [0.         0.08993813 0.12140384]
155 10 [0.01336712 0.03888486 0.55101407]
156 10 [0.         0.03494004 0.06268259]
157 10 [0.         0.         0.14338122]
158 11.5 [0.05595241 0.12391861 0.39963166]
159 11.5 [0.0521468  0.20726344 0.37607549]
160 12.0 [0.20373124 0.31744146 0.65396507]
161 12.0 [0.20452106 0.23256727 0.34556436]
162 12 [0.16575721 0.27971321 0.37080291]
163 12 [0.06713125 0.17110858 0.27890245]
164 12 [0.18857243 0.22532446 0.55297201]
165 12 [0.22629626 0.37744085 0.38236336]
166 12.0 [0.28304458 0.5061439  0.65229828]
167 12.0 [0.28329483 0.388164   0.51203495]
168 12.0 [0.18754143 0.36294164 0.50026804]
169 12.0 [0.18733678 0.32718896 0.49134528]
170 12 [0.00025976 0.07273736 0.09121749]
171 12 [0.         0.15975083 0.21038397]
172 14 [0.         0.         0.98876035]
173 14 [0. 0. 1.]
174 15.0 [0.11011075 0.19705908 0.66620329]
175 15.0 [0.10352615 0.18501176 0.60646358]
176 15.0 [0.1061188  0.23320932 0.37546794]
177 15.0 [0.09330266 0.31659326 0.49466261]
178 16 [0.55955884 0.64600535 0.67518781]
179 16 [0.52598712 0.55099361 0.56413034]
180 17.0 [0.1031045  0.18182971 0.45019181]
181 17.0 [0.09280432 0.18208464 0.55148312]
182 18 [0.         0.02992209 0.75468972]
183 18 [0.00325341 0.14459962 1.        ]
184 20 [0.57737944 0.71038979 0.97233376]
185 20 [0.58287986 0.67713608 1.        ]
remain 20 species
172 14 [0.         0.         0.98876035]
173 14 [0. 0. 1.]
178 14 [0.55955884 0.64600535 0.67518781]
139 14.5 [0.33159072 0.36323075 0.52479788]
175 15.0 [0.10352615 0.18501176 0.60646358]
181 15.0 [0.09280432 0.18208464 0.55148312]
143 16.0 [0.19901801 0.43348042 0.50681394]
157 16 [0.         0.         0.14338122]
160 16.0 [0.20373124 0.31744146 0.65396507]
167 16.0 [0.28329483 0.388164   0.51203495]
179 16 [0.52598712 0.55099361 0.56413034]
145 17.5 [0.34039314 0.52780951 0.66287463]
138 18.0 [0.37911021 0.54890604 0.63900038]
183 18 [0.00325341 0.14459962 1.        ]
176 19.0 [0.1061188  0.23320932 0.37546794]
149 20.0 [0.21463201 0.34344819 0.51083885]
182 22 [0.         0.02992209 0.75468972]
184 22 [0.57737944 0.71038979 0.97233376]
180 25.0 [0.1031045  0.18182971 0.45019181]
185 28 [0.58287986 0.67713608 1.        ]
generate 50 children
186 14.5 [0.32618158 0.414045   0.61333546]
187 14.0 [0.         0.         0.99438018]
188 15.75 [0.44997599 0.58690743 0.66903122]
189 20.5 [0.34174912 0.47179955 0.67390085]
190 18.0 [0.24896342 0.3658061  0.5114369 ]
191 22.0 [0.28868972 0.37015594 0.86351174]
192 18.25 [0.22325597 0.38050942 0.51917128]
193 17.5 [0.0530594  0.11660466 0.25942458]
194 26.5 [0.34299218 0.4294829  0.72509591]
195 16.75 [0.31184399 0.45798676 0.58745479]
196 14 [0.         0.07730552 0.98118899]
197 14 [0.00167814 0.091765   1.        ]
198 14 [0.         0.00552929 1.        ]
199 14 [0.         0.00587305 1.        ]
200 14 [0.49921661 0.557492   0.57873539]
201 14 [0.55057725 0.686843   0.8470662 ]
202 14.5 [0.32379506 0.36713516 0.43550522]
203 14.5 [0.33776345 0.39416459 0.7681717 ]
204 15.0 [0.10699215 0.14631811 0.78512595]
205 15.0 [0.09925594 0.18413009 0.46250657]
206 15.0 [0.10201306 0.28086201 0.63056161]
207 15.0 [0.09331201 0.20985603 0.38694962]
208 16.0 [0.2086192  0.33604734 0.3729324 ]
209 16.0 [0.20832938 0.28664949 0.48186561]
210 16 [0.00866903 0.05690003 0.07617746]
211 16 [0. 0. 0.]
212 16.0 [0.21146776 0.4056527  0.88662927]
213 16.0 [0.19785354 0.2878036  0.50784248]
214 16.0 [0.27842336 0.29414342 0.37714633]
215 16.0 [0.288272   0.32584543 0.33049875]
216 16 [0.52348995 0.5703933  0.64316433]
217 16 [0.53356337 0.53393309 0.6151477 ]
218 17.5 [0.33743564 0.50007542 0.52280715]
219 17.5 [0.34678845 0.49006527 0.51722389]
220 18.0 [0.38058596 0.53836264 0.79570886]
221 18.0 [0.38691528 0.50747639 0.86716545]
222 18 [0.01059911 0.19995732 1.        ]
223 18 [0.00981226 0.12215549 0.75323132]
224 19.0 [0.10848513 0.30886974 0.338109  ]
225 19.0 [0.10372228 0.25774705 0.38922537]
226 20.0 [0.20628263 0.30706072 0.3893198 ]
227 20.0 [0.21333513 0.39329906 0.7305939 ]
228 22 [0.         0.07610963 0.79594355]
229 22 [0.         0.         0.62692992]
230 22 [0.5773691  0.77677647 0.81385471]
231 22 [0.57044251 0.64732034 0.91176865]
232 25.0 [0.09976647 0.21079873 0.6038956 ]
233 25.0 [0.09382012 0.12032965 0.63769418]
234 28 [0.59058398 0.76247148 1.        ]
235 28 [0.5896537  0.71669636 1.        ]
