remain 10 species
6 -10 [0.23569243 0.2481015  0.31144544]
2 -7 [0.24984374 0.35473196 0.65975787]
8 -2 [0.0462895  0.09032715 0.13684269]
1 0 [0.097444   0.25811469 0.43756357]
5 0 [0.02006963 0.02144535 0.04129309]
10 0 [0.0013307  0.06849114 0.25231546]
3 2 [0.05121918 0.07823697 0.38004845]
4 4 [0.00103105 0.0013764  0.00605596]
7 6 [0.36909263 0.56228728 0.9089168 ]
9 7 [0.00785558 0.0326976  0.15453846]
generate 25 children
11 4.5 [0.02953738 0.05546729 0.26729345]
12 5.0 [0.18506184 0.28183184 0.45748638]
13 -4.5 [0.14806662 0.22252956 0.39830028]
14 -7.0 [0.24984374 0.35473196 0.65975787]
15 4.5 [0.02953738 0.05546729 0.26729345]
16 -10 [0.18306394 0.23810966 0.31464067]
17 -10 [0.24103223 0.2725616  0.36325967]
18 -7 [0.24505744 0.31394708 0.47382133]
19 -7 [0.25363505 0.45363647 0.53740718]
20 -2 [0.         0.0448745  0.21355972]
21 -2 [0.05430009 0.11461666 0.23328353]
22 0 [0.09284536 0.22560888 0.68219273]
23 0 [0.1018362  0.20577225 0.31404137]
24 0 [0.03006434 0.08745737 0.09546953]
25 0 [0.01377653 0.03724815 0.23049431]
26 0 [0.         0.         0.32297245]
27 0 [0.         0.03335154 0.21306803]
28 2 [0.04697476 0.14481984 0.35191644]
29 2 [0.04885842 0.1348162  0.33889737]
30 4 [0.01093954 0.08410374 0.24695994]
31 4 [0.         0.         0.00443548]
32 6 [0.36165797 0.62209496 1.        ]
33 6 [0.36655987 0.64839545 0.99807302]
34 7 [0.         0.         0.01598457]
35 7 [0.00138374 0.04224871 0.07041632]
remain 20 species
18 -5 [0.24505744 0.31394708 0.47382133]
29 -5 [0.04885842 0.1348162  0.33889737]
26 -4 [0.         0.         0.32297245]
32 -4 [0.36165797 0.62209496 1.        ]
12 -3.0 [0.18506184 0.28183184 0.45748638]
22 -3 [0.09284536 0.22560888 0.68219273]
25 -3 [0.01377653 0.03724815 0.23049431]
28 -2 [0.04697476 0.14481984 0.35191644]
13 -1.5 [0.14806662 0.22252956 0.39830028]
31 0 [0.         0.         0.00443548]
34 2 [0.         0.         0.01598457]
27 4 [0.         0.03335154 0.21306803]
24 6 [0.03006434 0.08745737 0.09546953]
30 8 [0.01093954 0.08410374 0.24695994]
33 8 [0.36655987 0.64839545 0.99807302]
23 10 [0.1018362  0.20577225 0.31404137]
21 12 [0.05430009 0.11461666 0.23328353]
11 12.5 [0.02953738 0.05546729 0.26729345]
35 16 [0.00138374 0.04224871 0.07041632]
15 20.5 [0.02953738 0.05546729 0.26729345]
generate 50 children
36 -3.5 [0.1460161  0.22938346 0.41286888]
37 -4.0 [0.12941698 0.17559761 0.35215782]
38 10.25 [0.19804862 0.35193137 0.63268324]
39 10.25 [0.02023846 0.06978551 0.2571267 ]
40 -3.5 [0.22725167 0.42385192 0.84109637]
41 -2.75 [0.2548623  0.42231226 0.69915014]
42 -3.25 [0.19656203 0.26823832 0.43606081]
43 -3.5 [0.27335991 0.4519634  0.72874319]
44 -4.5 [0.02442921 0.0674081  0.33093491]
45 -2.5 [0.1160183  0.21332584 0.40470141]
46 -5 [0.23892587 0.3794953  0.60839315]
47 -5 [0.24774826 0.35148762 0.45447392]
48 -5 [0.05169403 0.09692352 0.38171013]
49 -5 [0.04548521 0.08649937 0.25176554]
50 -4 [0.        0.        0.1274202]
51 -4 [0.         0.06328528 0.50870946]
52 -4 [0.36857646 0.56745313 0.77558234]
53 -4 [0.36353625 0.71285526 1.        ]
54 -3.0 [0.19373507 0.24749499 0.46366224]
55 -3.0 [0.18788936 0.3669984  0.55676574]
56 -3 [0.09268741 0.22189924 0.69288966]
57 -3 [0.09696237 0.14035035 0.88463378]
58 -3 [0.02085129 0.02559177 0.2857063 ]
59 -3 [0.         0.0118841  0.31344478]
60 -2 [0.05364016 0.14051571 0.44883   ]
61 -2 [0.04616213 0.11839297 0.47565776]
62 -1.5 [0.14392175 0.16572714 0.21636696]
63 -1.5 [0.14446644 0.18221772 0.358021  ]
64 0 [0.         0.         0.00402113]
65 0 [0.         0.00702185 0.03011427]
66 2 [0. 0. 0.]
67 2 [0.         0.00416244 0.18360056]
68 4 [8.67503021e-05 1.80236125e-02 1.98928801e-01]
69 4 [0.         0.         0.00201308]
70 6 [0.02050588 0.04805347 0.0724911 ]
71 6 [0.         0.02563481 0.18096987]
72 8 [0.00783481 0.09682699 0.12425175]
73 8 [0.00719635 0.09622633 0.17241914]
74 8 [0.37320567 0.63109892 0.86242544]
75 8 [0.36785765 0.65991689 0.89128839]
76 10 [0.0940176  0.28031916 0.43055934]
77 10 [0.09227112 0.1583778  0.18699838]
78 12 [0.0562011  0.1834593  0.29850639]
79 12 [0.03537154 0.05306881 0.11394234]
80 12.5 [0.02243391 0.03511107 0.04590595]
81 12.5 [0.         0.03530967 0.08752546]
82 16 [0.         0.         0.03523006]
83 16 [0.         0.01130555 0.10163288]
84 20.5 [0.03477243 0.03535108 0.09665936]
85 20.5 [0.02132384 0.15350508 0.32278924]
remain 20 species
73 5 [0.00719635 0.09622633 0.17241914]
52 6 [0.36857646 0.56745313 0.77558234]
77 7 [0.09227112 0.1583778  0.18699838]
67 8 [0.         0.00416244 0.18360056]
79 8 [0.03537154 0.05306881 0.11394234]
61 9 [0.04616213 0.11839297 0.47565776]
70 10 [0.02050588 0.04805347 0.0724911 ]
82 10 [0.         0.         0.03523006]
81 10.5 [0.         0.03530967 0.08752546]
71 12 [0.         0.02563481 0.18096987]
75 12 [0.36785765 0.65991689 0.89128839]
76 12 [0.0940176  0.28031916 0.43055934]
39 12.25 [0.02023846 0.06978551 0.2571267 ]
80 12.5 [0.02243391 0.03511107 0.04590595]
38 14.25 [0.19804862 0.35193137 0.63268324]
84 14.5 [0.03477243 0.03535108 0.09665936]
83 17 [0.         0.01130555 0.10163288]
78 19 [0.0562011  0.1834593  0.29850639]
74 20 [0.37320567 0.63109892 0.86242544]
85 20.5 [0.02132384 0.15350508 0.32278924]
generate 50 children
86 18.0 [0.02810055 0.09738242 0.20006964]
87 11.25 [0.01121695 0.01755554 0.04056801]
88 11.25 [0.01121695 0.01755554 0.04056801]
89 10.125 [0.01011923 0.03697398 0.22036363]
90 12.5 [0.02243391 0.03511107 0.04590595]
91 20.25 [0.19726475 0.392302   0.59260734]
92 16.625 [0.12712486 0.26769533 0.46559481]
93 7.5 [0.04613556 0.08127012 0.18529947]
94 13.125 [0.28295314 0.50592413 0.76198581]
95 6.5 [0.23042379 0.36291546 0.48129036]
96 5 [0.00569334 0.17293665 0.41550896]
97 5 [0.00047144 0.03748711 0.40403154]
98 6 [0.36047593 0.63725897 0.75194242]
99 6 [0.36459299 0.56285477 0.69255377]
100 7 [0.08487369 0.19552379 0.29104049]
101 7 [0.07521929 0.08520692 0.36996941]
102 8 [0.         0.00056698 0.02295947]
103 8 [0.         0.04715466 0.18957234]
104 8 [0.03969804 0.04059358 0.10524707]
105 8 [0.         0.         0.03381527]
106 9 [0.0464772 0.1433338 0.6166116]
107 9 [0.04493516 0.10499041 0.31078675]
108 10 [0.0264009  0.08096014 0.16167732]
109 10 [0.         0.01624798 0.02851917]
110 10 [0.         0.00823746 0.28378062]
111 10 [0.         0.00414828 0.09798145]
112 10.5 [0.         0.03018587 0.11569974]
113 10.5 [0.         0.         0.04890575]
114 12 [0.00127012 0.05147478 0.07444762]
115 12 [0.         0.         0.10242789]
116 12 [0.3665889  0.72754211 1.        ]
117 12 [0.36412006 0.74847345 0.9899243 ]
118 12 [0.09538873 0.2707379  0.34283265]
119 12 [0.08984301 0.34917467 0.67239009]
120 12.25 [0.02029521 0.02271829 0.09294938]
121 12.25 [0.02999566 0.07513421 0.19539473]
122 12.5 [0.         0.01728088 0.08968372]
123 12.5 [0.         0.01473922 0.10236093]
124 14.25 [0.2028324  0.2927179  0.63815226]
125 14.25 [0.20633875 0.42790289 0.60891257]
126 14.5 [0.00054296 0.03664667 0.23146968]
127 14.5 [0.         0.02768578 0.1847906 ]
128 17 [0. 0. 0.]
129 17 [0.         0.00453518 0.17056066]
130 19 [0.05313812 0.12372203 0.30793115]
131 19 [0.05959516 0.09314    0.11582385]
132 20 [0.36339572 0.6666721  0.69843782]
133 20 [0.37454976 0.71986297 0.9673464 ]
134 20.5 [0.02434804 0.05572258 0.1489232 ]
135 20.5 [0.02491807 0.15506113 0.47970267]
remain 20 species
115 13 [0.         0.         0.10242789]
129 14 [0.         0.00453518 0.17056066]
131 14 [0.05959516 0.09314    0.11582385]
120 14.25 [0.02029521 0.02271829 0.09294938]
125 14.25 [0.20633875 0.42790289 0.60891257]
122 15.5 [0.         0.01728088 0.08968372]
123 16.5 [0.         0.01473922 0.10236093]
126 16.5 [0.00054296 0.03664667 0.23146968]
135 16.5 [0.02491807 0.15506113 0.47970267]
99 17 [0.36459299 0.56285477 0.69255377]
111 17 [0.         0.00414828 0.09798145]
86 18.0 [0.02810055 0.09738242 0.20006964]
94 18.125 [0.28295314 0.50592413 0.76198581]
127 18.5 [0.         0.02768578 0.1847906 ]
119 19 [0.08984301 0.34917467 0.67239009]
98 20 [0.36047593 0.63725897 0.75194242]
91 23.25 [0.19726475 0.392302   0.59260734]
133 24 [0.37454976 0.71986297 0.9673464 ]
112 27.5 [0.         0.03018587 0.11569974]
132 31 [0.36339572 0.6666721  0.69843782]
generate 50 children
136 18.25 [0.18023797 0.3259991  0.42715167]
137 16.0 [0.         0.01601005 0.09602232]
138 19.0 [0.08984301 0.34917467 0.67239009]
139 17.25 [0.0449215  0.18322778 0.3810369 ]
140 15.625 [0.28546587 0.49537883 0.65073317]
141 16.625 [0.05506911 0.18594648 0.38266973]
142 17.25 [0.01432176 0.06701455 0.21576966]
143 13.625 [0.10316937 0.21395144 0.35567023]
144 15.25 [0.02979758 0.05393961 0.10909239]
145 16.375 [0.10316937 0.22779434 0.39685159]
146 13 [0.00990127 0.08362799 0.16242601]
147 13 [0.         0.00774146 0.05164974]
148 14 [0.         0.00122799 0.32994798]
149 14 [0.         0.02538326 0.31243405]
150 14 [0.00887213 0.06103224 0.32685781]
151 14 [0.03353261 0.05073727 0.21749694]
152 14.25 [0.         0.02050463 0.31387121]
153 14.25 [0.         0.         0.02235178]
154 14.25 [0.21203656 0.45251079 0.47963096]
155 14.25 [0.19802444 0.45799195 0.45850251]
156 15.5 [0.         0.07096383 0.23931933]
157 15.5 [0.         0.09898553 0.25483742]
158 16.5 [0.         0.         0.12214984]
159 16.5 [0. 0. 0.]
160 16.5 [0.0010201  0.04187892 0.36636205]
161 16.5 [0.         0.00984495 0.26866069]
162 16.5 [0.01779727 0.20220809 0.23608993]
163 16.5 [0.02234912 0.18391511 0.6087286 ]
164 17 [0.37150236 0.48021487 0.93588715]
165 17 [0.35759338 0.63413416 0.85111992]
166 17 [0.         0.00048606 0.01340249]
167 17 [0.         0.03307727 0.0849488 ]
168 18.0 [0.02161167 0.02545065 0.42726077]
169 18.0 [0.02221106 0.03388392 0.23870743]
170 18.125 [0.27808238 0.44715864 0.85382898]
171 18.125 [0.29179085 0.60226916 0.89692251]
172 18.5 [0.         0.         0.38588507]
173 18.5 [0.00185174 0.05299879 0.11647059]
174 19 [0.08219375 0.27230698 0.63873648]
175 19 [0.09523882 0.26912089 0.77075692]
176 20 [0.35790134 0.71604113 0.94254066]
177 20 [0.36463589 0.70433108 0.9313999 ]
178 23.25 [0.20513903 0.31103055 0.77583762]
179 23.25 [0.20488314 0.41883751 0.44240501]
180 24 [0.3707412  0.81309816 0.90644106]
181 24 [0.36989399 0.79039875 0.89988068]
182 27.5 [0.         0.         0.35957964]
183 27.5 [0.00665122 0.05145331 0.05482875]
184 31 [0.35706931 0.69359312 0.76539461]
185 31 [0.3703552  0.6242198  0.92626719]
remain 20 species
174 18 [0.08219375 0.27230698 0.63873648]
173 18.5 [0.00185174 0.05299879 0.11647059]
177 19 [0.36463589 0.70433108 0.9313999 ]
163 19.5 [0.02234912 0.18391511 0.6087286 ]
137 20.0 [0.         0.01601005 0.09602232]
182 20.5 [0.         0.         0.35957964]
165 21 [0.35759338 0.63413416 0.85111992]
170 21.125 [0.27808238 0.44715864 0.85382898]
154 21.25 [0.21203656 0.45251079 0.47963096]
183 23.5 [0.00665122 0.05145331 0.05482875]
138 25.0 [0.08984301 0.34917467 0.67239009]
180 26 [0.3707412  0.81309816 0.90644106]
171 27.125 [0.29179085 0.60226916 0.89692251]
178 27.25 [0.20513903 0.31103055 0.77583762]
179 28.25 [0.20488314 0.41883751 0.44240501]
176 29 [0.35790134 0.71604113 0.94254066]
181 30 [0.36989399 0.79039875 0.89988068]
175 37 [0.09523882 0.26912089 0.77075692]
185 37 [0.3703552  0.6242198  0.92626719]
184 43 [0.35706931 0.69359312 0.76539461]
generate 50 children
186 26.0625 [0.19081693 0.47572192 0.7846563 ]
187 19.25 [0.04109688 0.13615349 0.49915806]
188 22.375 [0.10934389 0.25198205 0.26722986]
189 26.0625 [0.19081693 0.47572192 0.7846563 ]
190 19.25 [0.19349251 0.44412309 0.77006425]
191 18.5 [0.22341482 0.48831903 0.78506819]
192 27.125 [0.29179085 0.60226916 0.89692251]
193 18.5 [0.22341482 0.48831903 0.78506819]
194 25.375 [0.10589512 0.18124193 0.41533319]
195 25.5 [0.2302921  0.58113641 0.78941557]
196 18 [0.08898799 0.2744586  0.62930331]
197 18 [0.09213558 0.20196871 0.82557237]
198 18.5 [0.00591239 0.0190469  0.04367197]
199 18.5 [0.         0.10443122 0.24716838]
200 19 [0.36100485 0.68883271 1.        ]
201 19 [0.35597482 0.73703189 0.89179984]
202 19.5 [0.01537192 0.26569122 0.38093229]
203 19.5 [0.01708986 0.11129421 0.71212063]
204 20.0 [0.         0.         0.06033816]
205 20.0 [0.00750645 0.0226064  0.05693883]
206 20.5 [0.         0.00610871 0.22010749]
207 20.5 [0.0007057  0.0714829  0.21721948]
208 21 [0.36629613 0.58155265 0.62687272]
209 21 [0.34883593 0.72595867 0.79905768]
210 21.125 [0.28322126 0.52381764 0.68090694]
211 21.125 [0.27373735 0.54030264 0.9000235 ]
212 21.25 [0.20834951 0.39899887 0.71174227]
213 21.25 [0.21412642 0.4971976  0.6662448 ]
214 23.5 [0.0040657  0.07125057 0.22962689]
215 23.5 [0.00229218 0.0399081  0.1251314 ]
216 25.0 [0.09163124 0.42154098 0.66708788]
217 25.0 [0.08773894 0.42747062 0.90373902]
218 26 [0.37456095 0.77573381 1.        ]
219 26 [0.37605813 0.66070096 0.8311244 ]
220 27.125 [0.29092958 0.50529813 0.97919955]
221 27.125 [0.29018418 0.65487038 0.7906072 ]
222 27.25 [0.20765802 0.35357176 0.80388458]
223 27.25 [0.20550528 0.26057978 0.59447634]
224 28.25 [0.212978   0.35320986 0.47064387]
225 28.25 [0.20574795 0.25114816 0.47475086]
226 29 [0.35494876 0.62276218 0.99721686]
227 29 [0.3564125  0.71467306 0.99915915]
228 30 [0.36523927 0.68888686 0.77251683]
229 30 [0.36594132 0.8449449  0.85016723]
230 37 [0.087809   0.21610855 0.93492479]
231 37 [0.08961032 0.36187228 0.79481256]
232 37 [0.36521642 0.6817674  0.94716866]
233 37 [0.37594453 0.6858952  0.77160404]
234 43 [0.35186266 0.67104749 0.99370744]
235 43 [0.35179326 0.59943706 0.8649018 ]
